char_coef = 0.3542692646022516
word_coef = -0.13154976247297664
avg_word_length_coef = 0.4662933863477137
space_coef = -0.18218848621073047
intercept = 2.5626238666381767
